225194
233019
223794
227083
282947
229876
278882
225643
298187
282001
235279
283377
278385
250832
250419
250277
278494
244451
238222
32274
254317
257818
269024
228722
74924
268560
268566
268567
290145
311546
263624
220954
235442
60089
226254
235440
254334
223008
370697
224663
248425
285612
258205
237701
270789
289115
252239
278141
323527
74072
244201
227443
69163
222880
291786
250957
233565
225608
247921
257814
70496
277064
267602
223896
253211
239197
69162
242818
271384
254794
243363
59621
253449
240630
310812
292952
250398
248787
223735
225658
272515
256717
226406
232131
288885
299540
257356
283525
377201
319264
243478
285742
264353
363856
229587
226447
264925
240633
223094
245211
247111
232791
427420
306770
460916
223150
348025
317310
224535